100,138.553,1340.447,168.130,1.450
200,138.553,1340.447,166.621,1.450
1,146.410,1358.825,164.286,Rp1
600,-15317.478,554.715,166.358,1.550
P1,-15223.401,685.785,163.867,prichal
P3,-15229.680,685.249,163.921,prichal
P4,-15234.909,685.494,163.913,prichal
P5,-15242.097,686.093,163.766,prichal
P7,-15258.622,687.149,164.113,prichal
P8,-15259.452,688.148,164.002,prichal
700,-15318.554,558.069,166.161,1.450
Rp1,-15305.035,694.850,165.145,Rp1
Rp1*,-15305.032,694.883,165.141,Rp1*
1022,-15318.959,558.375,166.252,1.420
95,-15287.581,633.633,160.936,DNO
96,-15257.761,636.987,160.009,DNO
97,-15240.269,649.271,160.052,DNO
98,-15279.161,604.551,159.919,DNO
99,-15257.224,577.700,159.835,DNO
100,-15232.082,556.627,160.008,DNO
101,-15097.600,575.354,162.220,DNO
102,-15056.839,530.375,163.329,DNO
103,-15254.051,510.180,163.025,DNO
104,-15281.187,561.703,161.592,DNO
105,-15301.424,576.695,162.518,DNO
106,-15324.218,653.062,162.665,DNO
1322,-15314.676,555.469,166.171,1.460
201,-15332.875,666.066,163.637,dno
202,-15313.331,671.023,163.590,dno
203,-15293.744,674.872,163.370,dno
204,-15286.603,659.044,162.663,dno
205,-15268.202,624.869,159.536,dno
206,-15283.435,619.633,159.578,dno
207,-15300.684,606.459,160.961,dno
208,-15308.886,598.904,162.627,dno
209,-15320.338,593.649,163.648,dno
210,-15336.386,665.376,163.720,dno
211,-15320.078,648.027,162.478,dno
212,-15306.289,633.535,161.556,dno
213,-15293.167,619.491,160.324,dno
214,-15295.232,598.508,160.769,dno
215,-15274.819,598.826,159.483,dno
216,-15283.651,581.271,160.211,dno
217,-15296.297,572.765,162.101,dno
218,-15307.272,562.590,163.593,dno
219,-15300.302,552.240,163.119,dno
220,-15277.401,560.851,161.200,dno
221,-15264.838,566.194,159.574,dno
222,-15261.360,567.596,159.288,dno
223,-15238.244,566.915,159.533,dno
224,-15253.218,554.036,160.085,dno
225,-15273.520,548.890,161.774,dno
226,-15189.150,551.089,159.451,dno
227,-15201.751,552.098,159.519,dno
228,-15217.168,553.989,159.633,dno
229,-15231.075,561.991,159.678,dno
230,-15230.396,551.378,160.068,dno
231,-15228.369,545.320,160.238,dno
232,-15237.395,547.074,160.240,dno
233,-15246.861,554.183,159.990,dno
234,-15242.118,531.477,160.891,dno
235,-15273.611,517.490,163.112,dno
236,-15278.516,514.088,163.573,dno
237,-15263.509,500.498,163.443,dno
238,-15253.410,507.371,162.961,dno
239,-15233.326,523.420,160.545,dno
240,-15217.597,532.523,159.978,dno
241,-15194.268,539.967,159.857,dno
242,-15168.589,536.186,159.481,dno
243,-15182.126,524.701,160.212,dno
244,-15195.428,508.282,160.258,dno
245,-15196.929,499.009,160.392,dno
246,-15205.673,482.283,163.613,dno
247,-15186.616,474.938,163.109,dno
248,-15169.919,490.007,160.540,dno
249,-15151.541,504.927,160.469,dno
250,-15138.225,513.365,159.269,dno
251,-15126.414,504.251,159.229,dno
252,-15136.347,488.469,160.212,dno
253,-15150.501,468.017,161.905,dno
254,-15149.370,454.235,162.830,dno
255,-15125.626,449.626,163.300,dno
256,-15119.921,468.107,161.890,dno
257,-15108.862,489.417,159.295,dno
258,-15093.151,486.713,159.598,dno
259,-15094.580,476.501,159.725,dno
260,-15094.175,467.343,162.806,dno
261,-15097.272,448.323,164.223,dno
262,-15073.928,444.476,164.111,dno
263,-15069.026,468.433,162.039,dno
264,-15068.735,474.112,160.050,dno
265,-15071.159,483.355,159.642,dno
266,-15059.185,488.383,159.793,dno
267,-15059.269,474.231,160.039,dno
268,-15060.656,466.810,162.282,dno
269,-15059.868,445.819,164.121,dno
270,-15036.479,455.190,163.815,dno
271,-15035.972,461.630,163.005,dno
272,-15034.017,470.124,160.429,dno
273,-15029.768,482.788,160.325,dno
274,-15005.811,476.206,160.596,dno
275,-15008.416,465.542,160.537,dno
276,-15012.547,456.815,163.271,dno
277,-15013.735,449.975,164.152,dno
278,-14993.814,445.822,163.015,dno
279,-14991.230,455.638,161.165,dno
280,-14987.029,465.263,160.744,dno
281,-14967.846,458.197,160.836,dno
282,-14970.201,445.119,161.184,dno
283,-14950.422,430.116,162.661,dno
284,-14948.365,438.907,161.083,dno
285,-14928.487,425.481,163.971,dno
286,-14923.248,444.306,162.050,dno
287,-14925.359,453.747,161.417,dno
288,-14941.970,460.063,161.032,dno
289,-14942.295,469.413,161.331,dno
290,-14937.223,480.998,163.047,dno
291,-14937.537,490.815,163.877,dno
292,-14958.248,479.934,162.256,dno
293,-14968.564,465.323,160.809,dno
294,-14986.373,469.136,160.823,dno
295,-14983.170,489.428,161.573,dno
296,-14998.887,493.347,161.525,dno
297,-15004.162,478.896,160.690,dno
298,-15023.313,484.517,160.503,dno
299,-15019.000,507.602,160.967,dno
300,-15018.350,519.114,163.587,dno
301,-15038.233,527.362,164.072,dno
302,-15040.612,513.287,163.020,dno
303,-15039.547,501.948,160.470,dno
304,-15040.759,490.900,160.142,dno
305,-15050.248,490.438,159.818,dno
306,-15050.139,499.408,160.160,dno
307,-15050.949,509.435,162.162,dno
308,-15048.180,519.648,163.261,dno
309,-15044.550,533.953,163.966,dno
310,-15053.448,548.381,164.189,dno
311,-15069.100,530.392,162.862,dno
312,-15076.795,515.863,160.341,dno
313,-15085.294,501.052,159.614,dno
314,-15087.921,516.217,159.612,dno
315,-15074.123,532.348,162.850,dno
316,-15055.763,549.009,164.265,dno
317,-15056.821,559.538,164.289,dno
318,-15081.674,557.988,162.633,dno
319,-15098.467,544.621,161.863,dno
320,-15108.093,539.382,159.501,dno
321,-15267.370,623.873,159.522,dno
322,-15276.483,649.802,161.496,dno
323,-15280.518,664.728,163.032,dno
324,-15286.032,683.423,163.657,dno
325,-15264.852,685.576,163.865,dno
326,-15261.309,671.158,163.209,dno
327,-15252.530,641.159,160.086,dno
328,-15239.930,624.212,159.227,dno
329,-15223.029,621.469,159.535,dno
330,-15220.337,602.983,159.379,dno
331,-15215.558,591.493,159.461,dno
332,-15203.079,605.065,159.518,dno
333,-15206.502,621.466,159.713,dno
334,-15214.450,639.532,159.725,dno
335,-15218.716,651.853,159.590,dno
336,-15221.963,663.263,160.822,dno
337,-15225.927,675.443,162.908,dno
338,-15227.100,687.685,163.991,dno
339,-15207.794,688.767,163.902,dno
340,-15204.342,678.931,162.369,dno
341,-15200.194,668.331,160.947,dno
342,-15196.426,655.960,160.055,dno
343,-15190.813,641.281,159.419,dno
344,-15173.127,635.156,159.302,dno
345,-15181.629,662.489,160.346,dno
346,-15188.779,681.726,162.470,dno
347,-15191.813,695.335,163.631,dno
348,-15171.602,699.658,163.843,dno
349,-15169.246,692.356,162.566,dno
350,-15166.523,685.459,161.746,dno
351,-15159.720,669.800,160.747,dno
352,-15150.492,645.554,159.958,dno
353,-15141.369,635.737,159.378,dno
354,-15124.439,644.644,159.492,dno
355,-15134.672,674.448,160.259,dno
356,-15143.080,695.724,162.333,dno
357,-15147.848,707.523,163.153,dno
358,-15134.319,716.451,163.605,dno
359,-15130.196,706.733,162.724,dno
360,-15128.572,701.722,162.637,dno
361,-15124.530,695.486,161.310,dno
362,-15119.298,681.966,160.610,dno
363,-15114.520,669.443,160.171,dno
364,-15105.336,649.282,159.197,dno
365,-15091.719,663.357,159.496,dno
366,-15097.182,689.629,160.813,dno
367,-15097.210,700.569,161.311,dno
368,-15095.407,712.772,163.292,dno
369,-15089.318,722.792,163.934,dno
370,-15067.729,716.657,163.741,dno
371,-15064.834,709.858,161.712,dno
372,-15056.778,690.295,160.915,dno
373,-15051.147,675.898,159.720,dno
374,-15045.225,661.986,159.510,dno
375,-15033.076,675.219,159.530,dno
376,-15042.096,685.410,159.808,dno
377,-15043.727,701.242,161.041,dno
378,-15047.417,713.272,161.596,dno
379,-15048.971,726.449,163.660,dno
380,-15031.749,728.441,163.563,dno
381,-15030.346,722.433,163.143,dno
382,-15029.424,715.900,161.614,dno
383,-15020.297,694.761,160.860,dno
384,-15016.020,685.397,159.486,dno
385,-15000.431,695.672,159.807,dno
386,-15003.940,710.349,160.344,dno
387,-15005.468,716.480,162.317,dno
388,-15005.451,737.415,163.716,dno
389,-14986.696,742.661,163.442,dno
390,-14979.184,726.052,162.136,dno
391,-14977.625,722.325,160.005,dno
392,-14961.063,722.862,159.779,dno
393,-14963.473,728.272,160.137,dno
394,-14966.483,735.345,162.315,dno
395,-14971.412,748.636,163.540,dno
396,-14951.756,759.802,163.188,dno
397,-14945.156,749.734,162.433,dno
398,-14938.585,735.348,160.052,dno
399,-14927.551,747.043,160.312,dno
400,-14933.325,766.493,162.367,dno
401,-14919.786,776.555,163.778,dno
402,-14913.825,766.901,163.083,dno
403,-14911.363,761.017,160.880,dno
404,-14895.734,762.536,160.331,dno
405,-14896.821,776.388,163.627,dno
406,-14885.667,780.227,163.637,dno
407,-14878.781,760.328,160.344,dno
408,-14861.426,770.069,160.284,dno
409,-14865.954,788.548,163.660,dno
410,-14836.851,800.979,163.655,dno
411,-14827.551,785.183,160.438,dno
412,-14769.443,746.466,163.898,dno
413,-14791.576,759.256,161.579,dno
414,-14795.113,759.738,160.817,dno
415,-14813.524,750.398,160.368,dno
416,-14807.323,740.562,162.400,dno
417,-14813.508,728.701,163.333,dno
418,-14821.070,742.083,160.491,dno
419,-14838.167,742.091,160.349,dno
420,-14832.973,728.642,162.829,dno
421,-14845.290,724.086,162.719,dno
422,-14848.657,733.036,160.374,dno
423,-14864.784,731.918,160.244,dno
424,-14861.218,721.972,162.085,dno
425,-14873.485,701.248,162.749,dno
426,-14881.942,713.589,161.757,dno
427,-14890.496,730.857,160.313,dno
428,-14907.443,722.591,160.638,dno
429,-14899.966,710.500,161.435,dno
430,-14891.000,691.383,162.536,dno
431,-14907.816,679.514,162.755,dno
432,-14917.635,693.593,161.687,dno
433,-14934.075,723.952,160.031,dno
434,-14952.584,713.810,160.093,dno
435,-14936.990,693.164,160.134,dno
436,-14928.734,677.249,162.393,dno
437,-14919.864,653.023,163.344,dno
438,-14939.849,636.196,163.855,dno
439,-14952.756,658.356,162.447,dno
440,-14957.488,665.260,160.639,dno
441,-14964.488,676.105,159.883,dno
442,-14980.177,667.851,159.924,dno
443,-14973.970,655.834,160.369,dno
444,-14971.552,651.459,161.985,dno
445,-14963.097,627.300,163.507,dno
446,-14988.325,621.800,163.425,dno
447,-15000.336,637.430,162.652,dno
448,-15011.041,645.874,159.945,dno
449,-15021.463,663.326,159.668,dno
450,-15032.970,652.117,159.614,dno
451,-15022.721,638.918,160.026,dno
452,-15017.430,629.068,162.689,dno
453,-15009.465,608.783,163.676,dno
454,-15031.805,594.790,163.343,dno
455,-15051.674,618.617,161.929,dno
456,-15060.458,630.035,159.988,dno
457,-15066.665,641.620,159.446,dno
458,-15074.800,624.536,159.484,dno
459,-15065.781,609.200,162.078,dno
460,-15050.650,577.762,163.379,dno
461,-15056.974,562.392,163.821,dno
462,-15067.279,572.467,162.904,dno
463,-15085.681,601.458,161.669,dno
464,-15090.471,607.718,159.453,dno
465,-15097.510,596.617,159.458,dno
466,-15095.018,592.808,161.440,dno
467,-15082.897,582.475,162.476,dno
468,-15069.629,566.614,162.915,dno
469,-15067.225,556.393,163.510,dno
470,-15079.900,562.152,162.575,dno
471,-15100.052,580.539,162.064,dno
472,-15108.851,589.313,161.252,dno
473,-15116.986,594.070,159.531,dno
474,-15128.792,586.904,159.582,dno
475,-15115.312,582.345,161.197,dno
476,-15111.324,579.187,160.687,dno
477,-15106.054,576.783,161.803,dno
478,-15098.713,568.399,161.960,dno
479,-15107.009,566.418,161.759,dno
480,-15113.134,565.463,159.735,dno
481,-15120.805,566.237,159.467,dno
482,-15121.324,558.038,159.417,dno
483,-15111.283,558.452,159.919,dno
484,-15104.155,559.501,161.956,dno
485,-15086.980,556.275,162.480,dno
486,-15301.663,555.256,164.255,bkam
1422,-15314.997,555.689,166.224,1.480
487,-15244.870,564.717,159.697,dn
488,-15246.601,577.163,158.889,dn
489,-15254.806,592.051,159.148,dn
490,-15259.272,600.863,158.282,dn
491,-15260.219,610.055,158.829,dn
492,-15266.938,618.428,159.163,dn
493,-15254.767,624.888,159.618,dn
494,-15251.682,614.325,158.450,dn
495,-15250.676,613.790,158.351,dn
496,-15258.019,610.755,158.577,dn
497,-15249.704,603.918,158.062,dn
498,-15240.570,594.856,158.202,dn
499,-15241.133,594.405,158.215,dn
500,-15232.080,588.300,157.680,dn
501,-15225.291,580.902,158.368,dn
502,-15213.441,571.443,158.478,dn
503,-15213.485,571.633,158.399,dn
504,-15202.989,554.809,159.031,dn
505,-15190.500,551.163,159.336,dn
506,-15194.492,563.150,159.097,dn
507,-15205.308,586.943,159.370,dn
508,-15204.284,586.092,159.265,dn
509,-15197.349,576.554,159.049,dn
510,-15190.063,565.339,158.828,dn
511,-15180.278,559.083,158.578,dn
512,-15171.169,550.450,158.555,dn
513,-15157.830,551.532,159.201,dn
514,-15167.192,563.033,158.368,dn
515,-15175.037,576.433,158.903,dn
516,-15183.564,589.918,158.537,dn
517,-15190.374,603.191,158.662,dn
518,-15195.142,620.082,159.431,dn
519,-15186.052,624.760,159.159,dn
520,-15186.685,629.290,159.304,dn
521,-15178.729,618.233,159.004,dn
522,-15174.092,610.142,158.602,dn
523,-15164.986,582.568,158.863,dn
524,-15161.635,575.271,158.386,dn
525,-15159.666,572.045,158.469,dn
526,-15154.077,563.923,158.738,dn
527,-15153.012,549.592,159.624,dn
528,-15145.483,553.725,158.966,dn
529,-15144.375,553.650,159.148,dn
530,-15139.674,556.939,158.912,dn
531,-15137.497,562.633,158.473,dn
532,-15121.763,562.887,159.293,dn
533,-15122.183,565.227,159.326,dn
1522,-15315.434,555.397,166.259,1.510
534,-15136.505,551.250,159.415,dn
535,-15136.607,563.018,158.463,dn
536,-15146.003,586.646,158.512,dn
537,-15156.327,608.060,158.644,dn
538,-15159.987,618.746,158.678,dn
539,-15162.180,626.942,159.520,dn
540,-15162.252,639.788,159.562,dn
541,-15147.370,631.467,159.726,dn
542,-15144.846,615.703,158.882,dn
543,-15150.950,602.977,159.010,dn
544,-15139.218,602.577,159.052,dn
545,-15131.678,590.058,158.527,dn
546,-15126.125,572.991,159.169,dn
547,-15120.098,565.591,159.514,dn
548,-15119.853,598.751,158.581,dn
549,-15136.192,614.026,158.736,dn
550,-15138.815,632.769,159.051,dn
551,-15122.542,641.833,159.194,dn
552,-15111.272,633.705,159.196,dn
553,-15095.437,629.529,158.840,dn
554,-15083.429,622.441,158.663,dn
555,-15075.765,626.719,159.234,dn
556,-15081.280,641.420,159.042,dn
557,-15084.378,653.680,158.777,dn
558,-15088.605,664.786,158.734,dn
559,-15077.834,664.681,159.521,dn
560,-15072.613,655.047,159.062,dn
561,-15063.404,645.699,159.070,dn
562,-15071.583,659.380,159.406,dn
563,-15062.127,663.928,159.286,dn
564,-14885.771,762.295,159.902,dn
565,-14864.809,752.869,159.939,dn
566,-14856.477,745.855,159.887,dn
567,-14849.887,738.781,159.717,dn
568,-14831.086,741.995,160.119,dn
569,-14839.849,757.883,160.064,dn
570,-14843.698,769.496,160.078,dn
571,-14831.649,772.678,160.138,dn
572,-14824.876,765.383,160.107,dn
573,-14807.705,759.918,159.964,dn
574,-15153.475,529.814,159.509,dn
575,-15143.602,532.720,159.187,dn
576,-15132.009,534.886,158.577,dn
577,-15123.759,537.124,158.649,dn
578,-15110.461,539.920,159.228,dn
579,-15108.353,531.010,159.507,dn
580,-15121.142,522.564,158.817,dn
581,-15132.477,521.001,158.692,dn
582,-15140.814,515.635,159.454,dn
583,-15132.363,503.818,159.374,dn
584,-15114.562,508.709,158.838,dn
585,-15100.551,513.341,159.591,dn
586,-15087.230,511.280,159.194,dn
587,-15085.386,505.028,159.452,dn
588,-15090.726,491.281,159.190,dn
589,-15081.085,490.412,159.042,dn
590,-15072.767,488.182,159.345,dn
591,-15088.273,477.037,159.033,dn
